A.D. 1796. ving Annoying tricesimo sexto Georgii III.

C. 52.

TABLI" II.—continued.

Values

of the

Annuities.

Values

of the

Annuities,

Values

of the

Annuities.

£■ S.

93° 3

9 35 9

940 l6

946 2

95° 4

954 7

958 9

962 12

966 14

970 —

973 7

976 *3

980 —

983 6

986 l7

990 8

993 19

997 10

1,001 2

1,006 11

1,012 —

I,Oi; 9

1,022 18'

1,028 8

1,03° 16

'>°33 4

i>°35 12

1,038 8

1,040

!»°33 2

1,021 IO

1,004 IO

988 18

956 12

908 2

783 8

863 14

871 14

879 14

887 14

895 14

9°3 14

d\

7 —S 46 45 889 8

—s \ 46 44 897 6

*3 H 46 43 905 4

6 —j 46 42 9*3 2

1 46 4« 921 —

4 —I 3 46 :4° 927 12

9 —] 46 39 934 4

*3 H 46 38 940 16

18 H 46 37 947- 8

2 —J 46 36 954 —

4 — 46 35 959 3

6 — S 46 34 964 6

8 — 46 33 969 9

10 — 46 32 '974 12

12 — 46 31 979 »4

18 — 46 3° 983 J5

4 — 46 29 987 16

10 — 46 28 991 17

16 — 46 27 995 18

2 — 46 26 1,000

5 — 46 25 1,003 6

8 — 46 24 1,006 12

11 — 46 23 1,009 l8

14 — ; 46 22 I>OI3 4

16 — 46 21 1,016 10

5 — 46 20 1,021 7

14 — 46 J9 . 1,026 4

3 — 46 • 18 1,03! 1

12 — • 46 17 1,03518

2 — 46 . 16 1,040 16

6* — 46 1,046 11

10 — 46 14 1,052 7

14 — 46 ,»3 1,058 2

18 — 46 12 1,063

2 -— 46 . 11 1,069 14

2 — . 46- 10 1,066 6

14 — 46 9 1,063 19

8 — 46' 8 1,059 11

• 2 — • 46 7 1,056 4

2 — 46 6 1,052 16

6 — 46' 5' 1,03416

46 4 4 1,017 16

46 3 933 12

IO I 46 2 934

d.

U u 2

