330 C. 52.

Anno tricesimo sexto Georg 11 III. A.D. 1796.

TABLE II.—continued.

Ages

of the

FJder

Lives.

46

45

45

45

4 5

45

45

45

45

45

45

45

45

45

45

45

45

45

45

45

45

45

45

45

45

45

45

'45

45

45

45

45

45

45

45

45

45

45

45

45

45

45

Ages of the Younger Lives. Values . of the Annuities. Ag-s of the Elder Lives. Ages of the Younger Lives. Values of the Annuities. - Ages- of the Elder Lives. '1 Ages of the Younger Lives.

£>• d* r '1 L* s• ^*1

I 807 2 — 45 4 1,032 6 44 6

45 3 997 4 — 44 A A 5

45 2 945 l6 44 . 4

45 899 45 1 817 8 — 44 3

44 906 16 — 44 2

43 9*4 13 ~ j '- 1

42 922 9 44 44 916 ; /*

" 41 930 6 — 44 43 923 l6 —

40 938 2 — 44 42 931 12 —; 43 43

39 944 12 — 44- 41 939 a — 43 42

33 951 2 — 44 40 947 4 — 43 41

37 957 12 — 44 39 955 1 43 40

36 964 2 — 44 3* 961 7 43 39

35 970 12 — 44 37 967 15 — 43 38

34 975 »3 — 44 36 974 2 — 43 37

33 980 14 — 44 35 980 10 — 43 36

32 985 15 — 44 3+ 936 l8 43 35

31 990 lb — 44 33 991 17 — 43 34

3° 995 18 — 44 32 996 16 —j 43 33

, 29 999 13 — 44 31 i >co i 15 —! 43 32

28 1,003 19 — 44 30 1*006 14 —' 43 3l

27 1,007 19 — 44 . 29 I>OI 1 14 — 43 3°

26 1,012 44 28 1*015 14 — 43 29

25 1,016 44 27 I >019 14 —: 43 28

24 1,019 8 — 44 26 1,023 *4 — 43 27

23 1,022 16 — 44 25 1,027 14 — 43 26

22 1,026 4 — 44 24 1,031 14 — 43 25

21 1,029 12 — 44 23 1,035 8 —] -43 24

20 ‘.033 — 44 22 1,039 2 — 43 23

19 1,038 11 — 44 21 1,042 l6 43 22-

18 1,044 2 — 44 20 1,046 10 —J 43 21

17 1,0495 3 — 44 19 1,050 4 — 43 20

l6 1,055 4 — 44 18 1,056 3 — 43 19

15 1,060 14 — 44 17 1,062 2 43 18

14 1,06511 — 44 16 i,c63 1 — 43 17

13 1,070 9 — 44 *5 1,074 —, 43 l6

12 1,075 6 — 44 14 1,07918 —j 43 15

11 1,080 4 — ‘ 44 13 1,084 3 — 43 14

1° 1,085 2 —j 44 12 1,088 8 —( 43 13

9 1,08 5 4 — 44 11 1,09213 — 43 I 2

8 1,084 — 44 10 1,09618 — 43 1 I

7 1,077 2 — 1 44 9 1,101 4 — 43 IO

6 i,o65 6 — i 44 8 1,098 10 — 43 9

5 % 1,050 1 44 7 1,091 — 1 43 8 4

Values

of the,

Annuities.

1,079

1,063

1,046 16

1,010 14

959 4

827 14

932

940

948

956

963

971

977

984

990

996

1,002

1,007

1,012

1,017

1,022

1,027

1,031

'.035

*,°39

1 >043

1,047

1,051

i»°55

1,059

i ,06

1,067

•>073

1,080

1,086

L092

1,098

1,iot

1,104

1,107

1,110

*»113

n

O

12

8

4

16

1.2

16

5

10

14

12

IO

8

6

4

3

2

3

6

9

12

14

*7

4

3

6

10

8

6

4

