326

C. 52.

Anno tricesimo sexto Georgii III

TABLE II.—continued.

A.D. 1796*

Ages

of the

Elder

Lives.

56

56

56

56

55

55

55

55

55

55

55

55

55

.55

55

55

55

55

-55

55

55

55

55

55

55

55

55

55

55

55

.55

55

55

55

55

55

55

55

55

55

55

55

Ages

of the

Younger

Lives.

4

3

2

55

54

53

52

51

5°

49

48

47

46

45

44

43

42

4i

40

39

38

36

35

34

33

32

31

3^

29

28

27

26

25

24

23

22

21

20

>9

18

V alues

of the

Annuities

£

860

831

790

684

s. d.

8

16

18

6

18

3

9

*4

6

8

10

12

14

16

5

14

3

12

717

726

734

742

751

759

766

773

780

787

794

800

805

811

816

822

826

831

835

840

844

848

851

855

858

861

864

567

870

872 14

87 5 8

877 14

880 —

882 6

884

886

891 1

8 95 4

13

4

15

6

16

4

13

10

18

12

6

12

18

Ages

of the

Elder

Livee.

55

55

55

55

55

55

55

55

55

55

55

55

55

55

55

55

55

54

54

54

54

54

54

54

54

54

54

54

54

54

54

54.

54

54

54

54

54

54

54

54

54

54

Ages

of the

Younger

Lives.

17

16

5

>4

*3

12

11

IO

9

8

7

6

5

4

3

2

54

53

52

51

50

49

48

47

46

45

44

43

42

4i

40

39

38

3l

36

35

34

33

3*

3*

30

Values

of the

Annuities,

C

899

9°3

9°7

9"

9'4

918

922

925

925

923

916

907

893

878

848

806

697

j.

7

10

*4

5

*7

8

752

761

769

778

785

792

799

806

8i3

818

824

829

835

840

845

849

853

858

862

866

869

873

876

12

14

2

12

2

2

2

6

4

18

5

12

10

1

11

12

1

10

19

8

18

6

14

2

10

736 4

744 11

Ages

of the

Elder

Lives.

54

54

54

54

54

54

54

54

54

54

54

54

54

54

54

54

54

54

54

54

54

54

54

54

54

54

54

54

54

53

53

53

53

53

53

53

53

53

53

53

53

53

Ages

of the

Young<

Lives.

29

28

27

26

25

24

23

22

21

20

19

18

17

16

*5

14

13

12

11

10

9

8

7

6

5

4

3

2

53

52

5«

5°

49

48

47

46

45

44

43

42

41

Values

of the

Annuities.

879

882

885

888

89O

893

895

898

coi

9°3

906

910

9r5

9*9

924

929

932

935

93 8

941

944

941

934

923

909

895

864.

821

s.

18

12

6

>4

8

*9

11

754

762

77*

779

788

796

803

810

823

830

36

841'

*4

6

*7

8

*9

JO

1

2

3

4

4

2

2

l8

6

14

18

8

709 14

8

16

5

*3

2

10

7

4

I

15

16

7

18

