A.D. 1796. Anno trice/i/no sexto G e o r g 11 III.

C. 52

333

TABLE II.—continued.

Values

of the

Annuities.

1

36 6 11 > 181 4

36 5 1,161 12

36 4 1,142 18

36 3 1,104 10

36 2 1,048 14

36 1 904 14

35 1 35 1,061 4

35 34 1,067 18

35 23 ko74 *3

35 32 1,081 7

35 31 1,088 2

35 3° 1,094 l6

35 29 1,100 3

35 , 28 1,105 1 1

35 27 1,110 18

35 ! 26 i,n6 6

35 25 1,121 *4

35 24 1,126 5

Values

of the

Annuities

33

33

33

33

33

33

33

33

33

33

33

33

33

33

33

33

33

33

33

33

33

Ages of the Elder Lives. Ages of the Younger Lives. Values of the Annuities.

34 J5 /• </. I,l88 12

34 14 1,195 l8

34 . *3 1,201 8

34 12 1,206 18 —

34 1 I 1,21 2 8

IO 1,217 ‘8 —

34 9 1,223 8 —

34 8 1,221 6

34 7 1,2 1 3 16

34 6 1,201 12

34 5 1,183

? 34 4 1,165 2

!: 34 3 1,125 4 —

34 2 1,067 12 —

34 1 920 6 —

33 33 1,090 4 — 1,096 13 —

33 32

33 ! 31 1,103 2 —

33 3° 1,10911 —

33 29 1,116

33 28 1,122 10 —

1,127 14

1,132 18

.1,138 2

1,143 6

1,148 10

16

2

8

1,169 *4

*»*75

1,182 10

1,190

1,197 10

1,205

1,212 lO

I,2l6 9

8

7

6

6

8

