.ives

63

62

61

60

59

58

57

56

55

5+

53

52

51

5°

49

48

47

46

45

44

43

42

4l

40

39

38

37

36

35

34

33

32

31

3°

29

28

27

26

25

Anno tricesimo sexto Georgii III. C. C2.

IS

TABLE II.—continued.

Ages

of the

Younger

Lives.

Value*

of the

Annuities.

62

6l

60

59

58

57

56

55

54

53

52

51

5°

49

48

47

46

45

44

43

42

41

40

39

58

37

36

35

34

33

3 2

31

3°

29

28

27

26

25

24

23

22

21

265

2 67

268

270

271

273

274

275

270

278'

279.

280

281

282

283

284

285

285

286

287

287

288

289

289

290

290

291

291

292

292

292

293

293

293

294

294

294

295

295

295

295

296

s.

12

3

>4

5

16

6

9

J3

16

14

8

2

16

8

J3

6

18

6

14

2

10

18

4

11

l7

4

10

*5

d.

4

4

5

5

6

6

5

10

16

7

[

S f

1

