!7q6.

Anno tricesimo sexto Georgii III.

C.

TABLE

I.

The Values of an Annuity of ^T.ioo per Annum,

held on a single Life, and payable Yearly.

Years of Age*

Birth

1

2

3

4

5

6

7

3

9

IO’

11

12

13

14

15

16

«7

18

19

20

21

22

23

24

2 5

16

27

28

29

3°

3‘

32

33

34

35

36

33

39

40

4«

42

43

54

Values.

,£ j- </.

,032 14

,346 10

>563 6

,646 4

>701; (B

,724 16

,743 4

,761 2

,766 4

,762 10

,752 6

,739 6

,725-2

,710 6

,695 —

,679

,662 IO

,646 4

,630 18

,616 14

,603 6

>59* 4

,579 «.*

,5681

,556‘

,543.16.

>S3Z■ 4

,518 8

,5®5- 6

,491 46

,47s f2

,463 .18

,449-10

,4344 >4

,415T- 10

,403 18

,388 —

>37‘ >2,

,354 «6

,337 10

,3*9 H

,3°« 16

,283.16

,265 14

r,247 4

Years of Age.

45

46

47

48

49

50

51

52

53

54

55

56

57

53

59

60

61

Values.

1,228

1,208

1,189

1,168

1,147

1,126

1,105

1,084

1,063

1,042

1,020

997

974

951

928

903

879

854

829

803

776

748

721

693

664

636

607

579

550

523

496

471

445

419

392

364

337

312

288

270

254

239

22C

213

196

175

6

18

10

10

8

14

18

*4

2

2

14

18

12

18

10

14

2

2

16

14

2

10

14

4

14

H

2

6

14

4

J4

16

6

6

14

16

Rr 2

