c.

\ges

f the

!lder

■ives.

40

40

40

40

39

39

39

39

39

39

39

39

39

39

39

39

39

39

39

39

39

39

39

39

39

39

39

39

39

39

39

39

39

39

39

39

39

39

39

39

39

39

l

52

Anno tricesimo sexto G e or g 11 III. A.D. 1796.

Ages

of the

rounger

Lives.

Values

of the

Annuities

TABLE II.—continued.

Values

of tHc

Annuities.

V alues

of the

Annuities,

£•

4 1.097 2

3 1,060 —

2 1,006 —

1 867 14

39

3*

31

36

35

34

33

32

31

3°

29

28

27

26

25

24

23

22

21

20

19

18

17

16

i5

14

13

12

11

10

9

8

7

6

5

'4

3

2

998 12

1,005 19

1,013 6

1,020 13

1,028

1,046 18

1,052 13

1,058 8

1,064

1,068 17

1,073 10

1,078

1,082 16

1,087 8

1,091 14

1,096

1,100

1,104 !2

1.108 l8

1,115 IO

1,122 3

1,128 15

i»i35

1,142 —

1,146 18

1,151 16

1.156 14

1,161

1,166 10

1,164. 8

1.156 14

1,144 14

1,126 12

1.109 .14

1,071 18

1,017 2

38 38 1,014 18

38 37 1,022 I

38 36 1,029 5

38 35 1,036 8

3* 34 1.043 I 2

38 33 1,050 l6

38 32 1,056 9

38 31 1,062 2

38 3° 1,067 15

38 29 1.073 8

38 28 1.079 I

38 27 1,083 12

38 26 1,088 4

38 ! 25 1,092 15

38 1 24 1,097 7

38 23 r,i02 —

38 22 1,106 ’5

38 ! 21 1,111 IO

33 20 1,116 5

38 >9 1 1,121 —

38 18 j 1.125 14

38 17. 1,132 I I

38 16 '.139 8

38 15 1,146 5

38 14 I»I53 2

38 13 I,l60 —

38 12 1.163 9

38 1 1 I,l66 18

38 IO 1,170 7

38 9 ',173 l6

38 8 i.i77 4

38 7 1,169 6

38 6 1,156 l6 I

38 5 1,138 6

33 4 I, I 20 l6

33 3 '.083 l6

38 2 1,028 2

38 I 886 4

37 37 11,030 14

1,046

